--------------------------------------------------------------------------------
CPU name:	Intel(R) Xeon(R) Gold 6226 CPU @ 2.70GHz
CPU type:	Intel Cascadelake SP processor
CPU stepping:	7
********************************************************************************
Hardware Thread Topology
********************************************************************************
Sockets:		2
Cores per socket:	12
Threads per core:	2
--------------------------------------------------------------------------------
HWThread	Thread		Core		Socket		Available
0		0		0		0		*
1		0		12		1		*
2		0		1		0		*
3		0		13		1		*
4		0		2		0		*
5		0		14		1		*
6		0		3		0		*
7		0		15		1		*
8		0		4		0		*
9		0		16		1		*
10		0		5		0		*
11		0		17		1		*
12		0		6		0		*
13		0		18		1		*
14		0		7		0		*
15		0		19		1		*
16		0		8		0		*
17		0		20		1		*
18		0		9		0		*
19		0		21		1		*
20		0		10		0		*
21		0		22		1		*
22		0		11		0		*
23		0		23		1		*
24		1		0		0		*
25		1		12		1		*
26		1		1		0		*
27		1		13		1		*
28		1		2		0		*
29		1		14		1		*
30		1		3		0		*
31		1		15		1		*
32		1		4		0		*
33		1		16		1		*
34		1		5		0		*
35		1		17		1		*
36		1		6		0		*
37		1		18		1		*
38		1		7		0		*
39		1		19		1		*
40		1		8		0		*
41		1		20		1		*
42		1		9		0		*
43		1		21		1		*
44		1		10		0		*
45		1		22		1		*
46		1		11		0		*
47		1		23		1		*
--------------------------------------------------------------------------------
Socket 0:		( 0 24 2 26 4 28 6 30 8 32 10 34 12 36 14 38 16 40 18 42 20 44 22 46 )
Socket 1:		( 1 25 3 27 5 29 7 31 9 33 11 35 13 37 15 39 17 41 19 43 21 45 23 47 )
--------------------------------------------------------------------------------
********************************************************************************
Cache Topology
********************************************************************************
Level:			1
Size:			32 kB
Cache groups:		( 0 24 ) ( 2 26 ) ( 4 28 ) ( 6 30 ) ( 8 32 ) ( 10 34 ) ( 12 36 ) ( 14 38 ) ( 16 40 ) ( 18 42 ) ( 20 44 ) ( 22 46 ) ( 1 25 ) ( 3 27 ) ( 5 29 ) ( 7 31 ) ( 9 33 ) ( 11 35 ) ( 13 37 ) ( 15 39 ) ( 17 41 ) ( 19 43 ) ( 21 45 ) ( 23 47 )
--------------------------------------------------------------------------------
Level:			2
Size:			1 MB
Cache groups:		( 0 24 ) ( 2 26 ) ( 4 28 ) ( 6 30 ) ( 8 32 ) ( 10 34 ) ( 12 36 ) ( 14 38 ) ( 16 40 ) ( 18 42 ) ( 20 44 ) ( 22 46 ) ( 1 25 ) ( 3 27 ) ( 5 29 ) ( 7 31 ) ( 9 33 ) ( 11 35 ) ( 13 37 ) ( 15 39 ) ( 17 41 ) ( 19 43 ) ( 21 45 ) ( 23 47 )
--------------------------------------------------------------------------------
Level:			3
Size:			19 MB
Cache groups:		( 0 24 2 26 4 28 6 30 8 32 10 34 12 36 14 38 16 40 18 42 20 44 22 46 ) ( 1 25 3 27 5 29 7 31 9 33 11 35 13 37 15 39 17 41 19 43 21 45 23 47 )
--------------------------------------------------------------------------------
********************************************************************************
NUMA Topology
********************************************************************************
NUMA domains:		2
--------------------------------------------------------------------------------
Domain:			0
Processors:		( 0 24 2 26 4 28 6 30 8 32 10 34 12 36 14 38 16 40 18 42 20 44 22 46 )
Distances:		10 21
Free memory:		93806.3 MB
Total memory:		128554 MB
--------------------------------------------------------------------------------
Domain:			1
Processors:		( 1 25 3 27 5 29 7 31 9 33 11 35 13 37 15 39 17 41 19 43 21 45 23 47 )
Distances:		21 10
Free memory:		101094 MB
Total memory:		129018 MB
--------------------------------------------------------------------------------
